2.45253
1.62938
1.63859
1.87303
2.10643
1.9557
1.98575
2.20496
1.60163
2.49545
4.61411
2.18644
1.95753
2.70857
1.44778
1.44646
3.94156
1.58741
1.73208
1.55669
4.72856
1.76753
1.90743
2.09774
1.95617
2.07368
1.92573
2.77934
4.95794
7.88164
1.54639
2.61588
2.04192
2.99468
6.29486
2.37973
1.89849
10.6377
3.33888
4.0985
1.46414
3.87949
1.64394
34.208
2.2122
2.24425
2.87885
2.65839
1.39713
6.53059
1.75848
2.25706
2.50826
2.86143
3.41898
4.01314
2.5525
2.2784
3.26505
3.45376
2.72577
1.9019
1.36041
1.5226
4.51501
1.43046
1.47746
1.78941
14.2662
3.49072
962.797
1.94985
5.02793
2.2514
4.05631
1.34427
2.24647
1.71852
3.56787
3.8431
941.384
2.12984
1.73151
1.31527
2.79213
3.33029
1.61741
1.30095
1.90187
1.78542
4.83516
6.45325
2.28458
1.92796
1.7098
2.99836
1.49649
1.61048
2.33158
2.19261
2.57461
2.48013
4.46433
3.13272
7.17189
3.25704
1.73156
1.2286
3.64835
1.95542
1.3428
1.71121
943.313
4.42701
1.38179
3.47036
1.34141
2.49856
1.73038
3.32677
2.03738
1.70629
1.6379
3.23241
4.32441
943.757
1.70642
1.75252
2.77915
1.25839
2.82684
1.40305
1.45009
2.40506
2.55674
1.66594
4.55321
1.63576
22.6694
4.14894
2.51787
9.76619
2.72944
1.31924
2.72671
1.57598
1.30036
2.6459
1.39552
2.90677
1.7725
1.81198
1.55837
12.4323
2.94274
6.63731
5.81271
14.0605
1.65788
6.00224
3.98387
8.19982
2.26204
1.64943
1.76886
1.43071
3.21179
8.30367
3.23814
2.67369
1.41129
4.18609
3.06413
1.47273
2.38269
4.41293
2.12722
2.30549
2.3653
2.0195
2.40751
1.78592
1.9904
1.54488
3.38282
10.7966
1.79708
2.18952
1.69555
2.09878
3.40461
1.40123
3.54291
3.16792
1.62998
1.5895
1.99934
3.11234
1.72082
1.70302
2.5995
1.75611
3.56364
2.30935
3.0608
8.86213
4.11794
1.87342
3.05734
1.36998
2.43813
944.298
3.64698
8.69905
1.32458
1.70004
1.71126
2.61243
5.88587
3.69391
1.52
8.94838
8.81749
2.08334
3.1258
2.32389
2.15301
1.7437
8.21836
948.29
3.43548
2.7889
1.97117
4.34145
1.61105
1.49505
1.45188
2.60801
1.27567
1.44026
4.56166
2.74016
1.55154
2.26563
16.6987
2.00213
4.27336
3.43892
4.11915
2.0638
1.33667
8.22392
2.58543
2.66694
2.2906
2.01462
2.43808
3.90852
1.46086
1.24792
1.68574
7.7725
2.735
2.31294
2.27306
2.4795
4.15666
4.92599
956.611
5.73335
3.14972
2.10725
1.47864
4.52721
2.89053
1.26783
961.667
6.03266
2.40669
2.24517
6.10653
1.66374
2.32109
3.75966
2.09594
4.63497
2.85612
1.63749
3.46935
2.55541
4.09588
2.8114
1.89184
2.16385
1.63292
3.30788
1.72171
150.583
2.04776
2.34822
4.26564
3.59155
3.13164
2.81325
3.54494
2.93032
13.1842
3.79946
2.2686
1.46166
1.70637
2.60678
1.86355
2.86313
4.92481
2.72306
3.04354
2.78377
2.68912
2.17309
